0000000000000000
0001000010110100
0010000100100000
0011000011111100
0100000000000000
0100110111101100
0101101010000011
0110010110001100
0110111011011001
0111011001000001
0111101110100011
0111111011101000
0111111111111111
0111111011101000
0111101110100011
0111011001000001
0110111011011001
0110010110001100
0101101010000011
0100110111101100
0100000000000000
0011000011111100
0010000100100000
0001000010110100
0000000000000000
1110111101001011
1101111011011111
1100111100000100
1100000000000000
1011001000010100
1010010101111101
1001101001110011
1001000100100111
1000100110111111
1000010001011100
1000000100011000
1000000000000000
1000000100011000
1000010001011100
1000100110111111
1001000100100111
1001101001110011
1010010101111101
1011001000010100
1100000000000000
1100111100000100
1101111011011111
1110111101001011
0000000000000000
0001000010110100
0010000100100000
0011000011111100
0100000000000000
0100110111101100
0101101010000011
0110010110001100
0110111011011001
0111011001000001
0111101110100011
0111111011101000
0111111111111111
0111111011101000
0111101110100011
0111011001000001
0110111011011001
0110010110001100
0101101010000011
0100110111101100
0100000000000000
0011000011111100
0010000100100000
0001000010110100
0000000000000000
1110111101001011
1101111011011111
1100111100000100
1100000000000000
1011001000010100
1010010101111101
1001101001110011
1001000100100111
1000100110111111
1000010001011100
1000000100011000
1000000000000000
1000000100011000
1000010001011100
1000100110111111
1001000100100111
1001101001110011
1010010101111101
1011001000010100
1100000000000000
1100111100000100
1101111011011111
1110111101001011
0000000000000000
0001000010110100
0010000100100000
0011000011111100
0100000000000000
0100110111101100
0101101010000011
0110010110001100
0110111011011001
0111011001000001
0111101110100011
0111111011101000
0111111111111111
0111111011101000
0111101110100011
0111011001000001
0110111011011001
0110010110001100
0101101010000011
0100110111101100
0100000000000000
0011000011111100
0010000100100000
0001000010110100
0000000000000000
1110111101001011
1101111011011111
1100111100000100
1100000000000000
1011001000010100
1010010101111101
1001101001110011
1001000100100111
1000100110111111
1000010001011100
1000000100011000
1000000000000000
1000000100011000
1000010001011100
1000100110111111
1001000100100111
1001101001110011
1010010101111101
1011001000010100
1100000000000000
1100111100000100
1101111011011111
1110111101001011
0000000000000000
0001000010110100
0010000100100000
0011000011111100
0100000000000000
0100110111101100
0101101010000011
0110010110001100
0110111011011001
0111011001000001
0111101110100011
0111111011101000
0111111111111111
0111111011101000
0111101110100011
0111011001000001
0110111011011001
0110010110001100
0101101010000011
0100110111101100
0100000000000000
0011000011111100
0010000100100000
0001000010110100
0000000000000000
1110111101001011
1101111011011111
1100111100000100
1100000000000000
1011001000010100
1010010101111101
1001101001110011
1001000100100111
1000100110111111
1000010001011100
1000000100011000
1000000000000000
1000000100011000
1000010001011100
1000100110111111
1001000100100111
1001101001110011
1010010101111101
1011001000010100
1100000000000000
1100111100000100
1101111011011111
1110111101001011
0000000000000000
0001000010110100
0010000100100000
0011000011111100
0100000000000000
0100110111101100
0101101010000011
0110010110001100
0110111011011001
0111011001000001
0111101110100011
0111111011101000
0111111111111111
0111111011101000
0111101110100011
0111011001000001
0110111011011001
0110010110001100
0101101010000011
0100110111101100
0100000000000000
0011000011111100
0010000100100000
0001000010110100
0000000000000000
1110111101001011
1101111011011111
1100111100000100
1100000000000000
1011001000010100
1010010101111101
1001101001110011
1001000100100111
1000100110111111
1000010001011100
1000000100011000
1000000000000000
1000000100011000
1000010001011100
1000100110111111
1001000100100111
1001101001110011
1010010101111101
1011001000010100
1100000000000000
1100111100000100
1101111011011111
1110111101001011
