0000000000000000
0000001000101101
0000100010010010
0001001010111110
0010000000000000
0010111101101111
0100000000000000
0101000010001111
0101111111111110
0110110100111111
0111011101101100
0111110111010010
0111111111111110
0111110111010010
0111011101101100
0110110100111111
0101111111111110
0101000010001111
0100000000000000
0010111101101111
0010000000000000
0001001010111110
0000100010010010
0000001000101101
0000000000000000
0000001000101110
0000100010010011
0001001010111110
0010000000000000
0010111101101111
0100000000000000
0101000010010001
0101111111111110
0110110100111111
0111011101101110
0111110111010010
1000000000000000
0111110111010010
0111011101101110
0110110100111111
0101111111111110
0101000010010001
0100000000000000
0010111101101111
0010000000000000
0001001010111110
0000100010010011
0000001000101110
0000000000000000
0000001000101101
0000100010010010
0001001010111110
0010000000000000
0010111101101111
0100000000000000
0101000010001111
0101111111111110
0110110100111111
0111011101101100
0111110111010010
0111111111111110
0111110111010010
0111011101101100
0110110100111111
0101111111111110
0101000010001111
0100000000000000
0010111101101111
0010000000000000
0001001010111110
0000100010010010
0000001000101101
0000000000000000
0000001000101110
0000100010010011
0001001010111110
0010000000000000
0010111101101111
0100000000000000
0101000010010001
0101111111111110
0110110100111111
0111011101101110
0111110111010010
1000000000000000
0111110111010010
0111011101101110
0110110100111111
0101111111111110
0101000010010001
0100000000000000
0010111101101111
0010000000000000
0001001010111110
0000100010010011
0000001000101110
0000000000000000
0000001000101101
0000100010010010
0001001010111110
0010000000000000
0010111101101111
0100000000000000
0101000010001111
0101111111111110
0110110100111111
0111011101101100
0111110111010010
0111111111111110
0111110111010010
0111011101101100
0110110100111111
0101111111111110
0101000010001111
0100000000000000
0010111101101111
0010000000000000
0001001010111110
0000100010010010
0000001000101101
0000000000000000
0000001000101110
0000100010010011
0001001010111110
0010000000000000
0010111101101111
0100000000000000
0101000010010001
0101111111111110
0110110100111111
0111011101101110
0111110111010010
1000000000000000
0111110111010010
0111011101101110
0110110100111111
0101111111111110
0101000010010001
0100000000000000
0010111101101111
0010000000000000
0001001010111110
0000100010010011
0000001000101110
0000000000000000
0000001000101101
0000100010010010
0001001010111110
0010000000000000
0010111101101111
0100000000000000
0101000010001111
0101111111111110
0110110100111111
0111011101101100
0111110111010010
0111111111111110
0111110111010010
0111011101101100
0110110100111111
0101111111111110
0101000010001111
0100000000000000
0010111101101111
0010000000000000
0001001010111110
0000100010010010
0000001000101101
0000000000000000
0000001000101110
0000100010010011
0001001010111110
0010000000000000
0010111101101111
0100000000000000
0101000010010001
0101111111111110
0110110100111111
0111011101101110
0111110111010010
1000000000000000
0111110111010010
0111011101101110
0110110100111111
0101111111111110
0101000010010001
0100000000000000
0010111101101111
0010000000000000
0001001010111110
0000100010010011
0000001000101110
0000000000000000
0000001000101101
0000100010010010
0001001010111110
0010000000000000
0010111101101111
0100000000000000
0101000010001111
0101111111111110
0110110100111111
0111011101101100
0111110111010010
0111111111111110
0111110111010010
0111011101101100
0110110100111111
0101111111111110
0101000010001111
0100000000000000
0010111101101111
0010000000000000
0001001010111110
0000100010010010
0000001000101101
0000000000000000
0000001000101110
0000100010010011
0001001010111110
0010000000000000
0010111101101111
0100000000000000
0101000010010001
0101111111111110
0110110100111111
0111011101101110
0111110111010010
1000000000000000
0111110111010010
0111011101101110
0110110100111111
0101111111111110
0101000010010001
0100000000000000
0010111101101111
0010000000000000
0001001010111110
0000100010010011
0000001000101110
