0000000000000000
0001000010110101
0010000100100001
0011000011111100
0100000000000000
0100110111101100
0101101010000010
0110010110001101
0110111011011010
0111011001000010
0111101110100011
0111111011101000
0111111111111111
0111111011101000
0111101110100011
0111011001000010
0110111011011010
0110010110001101
0101101010000010
0100110111101100
0100000000000000
0011000011111100
0010000100100001
0001000010110101
0000000000000000
1110111101001011
1101111011011111
1100111100000100
1100000000000000
1011001000010100
1010010101111110
1001101001110011
1001000100100110
1000100110111110
1000010001011101
1000000100011000
1000000000000000
1000000100011000
1000010001011101
1000100110111110
1001000100100110
1001101001110011
1010010101111110
1011001000010100
1100000000000000
1100111100000100
1101111011011111
1110111101001011
0000000000000000
0001000010110101
0010000100100001
0011000011111100
0100000000000000
0100110111101100
0101101010000010
0110010110001101
0110111011011010
0111011001000010
0111101110100011
0111111011101000
0111111111111111
0111111011101000
0111101110100011
0111011001000010
0110111011011010
0110010110001101
0101101010000010
0100110111101100
0100000000000000
0011000011111100
0010000100100001
0001000010110101
0000000000000000
1110111101001011
1101111011011111
1100111100000100
1100000000000000
1011001000010100
1010010101111110
1001101001110011
1001000100100110
1000100110111110
1000010001011101
1000000100011000
1000000000000000
1000000100011000
1000010001011101
1000100110111110
1001000100100110
1001101001110011
1010010101111110
1011001000010100
1100000000000000
1100111100000100
1101111011011111
1110111101001011
0000000000000000
0001000010110101
0010000100100001
0011000011111100
0100000000000000
0100110111101100
0101101010000010
0110010110001101
0110111011011010
0111011001000010
0111101110100011
0111111011101000
0111111111111111
0111111011101000
0111101110100011
0111011001000010
0110111011011010
0110010110001101
0101101010000010
0100110111101100
0100000000000000
0011000011111100
0010000100100001
0001000010110101
0000000000000000
1110111101001011
1101111011011111
1100111100000100
1100000000000000
1011001000010100
1010010101111110
1001101001110011
1001000100100110
1000100110111110
1000010001011101
1000000100011000
1000000000000000
1000000100011000
1000010001011101
1000100110111110
1001000100100110
1001101001110011
1010010101111110
1011001000010100
1100000000000000
1100111100000100
1101111011011111
1110111101001011
0000000000000000
0001000010110101
0010000100100001
0011000011111100
0100000000000000
0100110111101100
0101101010000010
0110010110001101
0110111011011010
0111011001000010
0111101110100011
0111111011101000
0111111111111111
0111111011101000
0111101110100011
0111011001000010
0110111011011010
0110010110001101
0101101010000010
0100110111101100
0100000000000000
0011000011111100
0010000100100001
0001000010110101
0000000000000000
1110111101001011
1101111011011111
1100111100000100
1100000000000000
1011001000010100
1010010101111110
1001101001110011
1001000100100110
1000100110111110
1000010001011101
1000000100011000
1000000000000000
1000000100011000
1000010001011101
1000100110111110
1001000100100110
1001101001110011
1010010101111110
1011001000010100
1100000000000000
1100111100000100
1101111011011111
1110111101001011
0000000000000000
0001000010110101
0010000100100001
0011000011111100
0100000000000000
0100110111101100
0101101010000010
0110010110001101
0110111011011010
0111011001000010
0111101110100011
0111111011101000
0111111111111111
0111111011101000
0111101110100011
0111011001000010
0110111011011010
0110010110001101
0101101010000010
0100110111101100
0100000000000000
0011000011111100
0010000100100001
0001000010110101
0000000000000000
1110111101001011
1101111011011111
1100111100000100
1100000000000000
1011001000010100
1010010101111110
1001101001110011
1001000100100110
1000100110111110
1000010001011101
1000000100011000
1000000000000000
1000000100011000
1000010001011101
1000100110111110
1001000100100110
1001101001110011
1010010101111110
1011001000010100
1100000000000000
1100111100000100
1101111011011111
1110111101001011