0000000000000000
0000010000101101
0000100001001000
0000110000111111
0001000000000000
0001001101111011
0001011010100001
0001100101100011
0001101110110110
0001110110010000
0001111011101001
0001111110111010
0010000000000000
0001111110111010
0001111011101001
0001110110010000
0001101110110110
0001100101100011
0001011010100001
0001001101111011
0001000000000000
0000110000111111
0000100001001000
0000010000101101
0000000000000000
1111101111010011
1111011110111000
1111001111000001
1111000000000000
1110110010000101
1110100101011111
1110011010011101
1110010001001010
1110001001110000
1110000100010111
1110000001000110
1110000000000000
1110000001000110
1110000100010111
1110001001110000
1110010001001010
1110011010011101
1110100101011111
1110110010000101
1111000000000000
1111001111000001
1111011110111000
1111101111010011
0000000000000000
0000010000101101
0000100001001000
0000110000111111
0001000000000000
0001001101111011
0001011010100001
0001100101100011
0001101110110110
0001110110010000
0001111011101001
0001111110111010
0010000000000000
0001111110111010
0001111011101001
0001110110010000
0001101110110110
0001100101100011
0001011010100001
0001001101111011
0001000000000000
0000110000111111
0000100001001000
0000010000101101
0000000000000000
1111101111010011
1111011110111000
1111001111000001
1111000000000000
1110110010000101
1110100101011111
1110011010011101
1110010001001010
1110001001110000
1110000100010111
1110000001000110
1110000000000000
1110000001000110
1110000100010111
1110001001110000
1110010001001010
1110011010011101
1110100101011111
1110110010000101
1111000000000000
1111001111000001
1111011110111000
1111101111010011
0000000000000000
0000010000101101
0000100001001000
0000110000111111
0001000000000000
0001001101111011
0001011010100001
0001100101100011
0001101110110110
0001110110010000
0001111011101001
0001111110111010
0010000000000000
0001111110111010
0001111011101001
0001110110010000
0001101110110110
0001100101100011
0001011010100001
0001001101111011
0001000000000000
0000110000111111
0000100001001000
0000010000101101
0000000000000000
1111101111010011
1111011110111000
1111001111000001
1111000000000000
1110110010000101
1110100101011111
1110011010011101
1110010001001010
1110001001110000
1110000100010111
1110000001000110
1110000000000000
1110000001000110
1110000100010111
1110001001110000
1110010001001010
1110011010011101
1110100101011111
1110110010000101
1111000000000000
1111001111000001
1111011110111000
1111101111010011
0000000000000000
0000010000101101
0000100001001000
0000110000111111
0001000000000000
0001001101111011
0001011010100001
0001100101100011
0001101110110110
0001110110010000
0001111011101001
0001111110111010
0010000000000000
0001111110111010
0001111011101001
0001110110010000
0001101110110110
0001100101100011
0001011010100001
0001001101111011
0001000000000000
0000110000111111
0000100001001000
0000010000101101
0000000000000000
1111101111010011
1111011110111000
1111001111000001
1111000000000000
1110110010000101
1110100101011111
1110011010011101
1110010001001010
1110001001110000
1110000100010111
1110000001000110
1110000000000000
1110000001000110
1110000100010111
1110001001110000
1110010001001010
1110011010011101
1110100101011111
1110110010000101
1111000000000000
1111001111000001
1111011110111000
1111101111010011
0000000000000000
0000010000101101
0000100001001000
0000110000111111
0001000000000000
0001001101111011
0001011010100001
0001100101100011
0001101110110110
0001110110010000
0001111011101001
0001111110111010
0010000000000000
0001111110111010
0001111011101001
0001110110010000
0001101110110110
0001100101100011
0001011010100001
0001001101111011
0001000000000000
0000110000111111
0000100001001000
0000010000101101
0000000000000000
1111101111010011
1111011110111000
1111001111000001
1111000000000000
1110110010000101
1110100101011111
1110011010011101
1110010001001010
1110001001110000
1110000100010111
1110000001000110
1110000000000000
1110000001000110
1110000100010111
1110001001110000
1110010001001010
1110011010011101
1110100101011111
1110110010000101
1111000000000000
1111001111000001
1111011110111000
1111101111010011