0000000000000000
0000001101001010
0000100111100111
0001001111011010
0001110111001110
0010101100010011
0011101110011100
0100111101100100
0110011001110010
0111110110010110
1001010011100000
1010110001100010
1100010000010001
1101101111000110
1111011011000010
0001010011110000
0011011001010011
0101101011111111
0111111110100100
1010011110000111
1101001010100111
1111110110111000
0010100010101100
0101001110011000
0111111001100001
1010100100000101
1101001110010001
1111111000000001
0010100001010010
0101001001110110
0111110001110110
1010011001001101
1101000000000101
1111100110001001
0010001011100001
0100110000001000
0111010100001000
1001110111010111
1100011001101010
1110111011001101
0001011011110100
0011111011101010
0110011010100101
1000111000011111
1011010101010101
1101110001001011
0000001100000101
0010100101110111
0100111110100101
0111010110001011
1001101100101100
1100000010000101
1110010110010001
0000101001010010
0010111011000010
0101001011100010
0111011010101110
1001101000100010
1011110101000001
1110000000001101
0000001010000000
0010010010010111
0100011001010001
0110011110110000
1000100010110010
1010100101010111
1100100110011001
1110100101110110
0000100011110111
0010100000001011
0100011010110000
0110010011111000
1000001011010100
1010000001000111
1011110101001011
1101100111100001
1111011000001000
0001000111000111
0010110100001101
0100011111011110
0110001001001000
0111110000110001
1001010110101101
1010111010110010
1100011100110110
1101111101000101
1111011011011101
0000110111111000
0010010010010111
0011101010110101
0101000001010111
0110010101111101
0111101000100110
1000111001000111
1010000111101011
1011010100001011
1100011110100111
1101100111000010
1110101101001101
1111110001011000
0000110011011110
0001110011100100
0010110001010110
0011101100111111
0100100110100111
0101011110000100
0110010011010111
0111000110010111
0111110111001110
1000100101111001
1001010010011111
1001111100101101
1010100100101111
1011001010101000
1011101110010000
1100001111101001
1100101110110100
1101001011110000
1101100110010111
1101111110110101
1110010100111111
1110101000111001
1110111010011110
1111001001110011
1111010110111000
1111100001110000
1111101010010000
1111110000010111
1111110100011010
1111110110001000
1111110101100010
1111110010101011
1111101101100001
1111100110000001
1111011100100001
1111010000100001
1111000010001100
1110110001101111
1110011110111110
1110001001111100
1101110010101001
1101011001000011
1100111101001100
1100011111001100
1011111110110100
1011011100010100
1010110111100011
1010010000100001
1001100111010100
1000111011111101
1000001110010111
0111011110011100
0110101100100000
0101111000010101
0101000010000000
0100001001011100
0011001110101111
0010010001111001
0001010011000011
0000010010000001
1111001110101110
1110001001011111
1101000010001100
1011111000110100
1010101101010011
1001011111101111
1000010000001010
0110111110100100
0101101010111111
0100010101010100
0010111101101110
0001100100010011
0000001000110011
1110101011011011
1101001100000011
1011101010110111
1010000111110010
1000100010110101
0110111011111111
0101010011010001
0011101000110111
0001111100100000
0000001110100001
1110011110110010
1100101101001010
1010111001111110
1001000101000110
0111001110011101
0101010110001000
0011011100001011
0001100000101001
1111100011100111
1101100100111000
1011100100100010
1001100010110011
0111011111011100
0101011010100101
0011010100011001
0001001100101101
1111000011101000
1100111001001011
1010101101010010
1000100000000101
0110010001100111
0100000001110010
0001110000101000
1111011110001101
1101001010100111
1010110101110100
1000011111110101
0110001000101110
0011110000011111
0001010111010011
1110111100111011
1100100001100011
1010000101000110
0111100111110001
0101001001011100
0010101010000100
0000001001110011
1101101000100101
1011000110101100
1000100011111010
0110000000011000
0011011011111110
0000110110111000
1110010001001101
1011101010110011
1001000011101100
0110011011111001
0011110011100110
0001001010101111
1110100001010100
1011110111010001
1001001100110001
0110100001111101
0011110110101010
0001001010111010
1110011110101110
1011110010010111
1001000101101011
0101011010000110
0001111101111110
1111000101001110
1100011011010001
1001001110110001
0101000010101000
0000011001010100
1100101101010111
1011010010111011
1100010010001110
1110010011001110
1111010010011101
1101111000011001
1010001100100100
0101100011100011
0001010111111111
1110001011110110
1011100010010001
1000101010010000
0101001110110100
0010100010100011
1111110110101111
1101001011000011
1010011111111010
0111110101010110
0101001011001010
0010100001011010
1111111000001001
1101001111100101
1010100111100101
1000000000001110
0101011001010110
0010110011010010
0000001101111010
1101101001010011
1011000101010011
1000100010000100
0101111111110001
0011011110001110
0000111101100111
1110011101110001
1011111110110110
1001100000111100
0111000100000110
0100101000010000
0010001101010110
1111110011100100
1101011010110110
1011000011010000
1000101100101111
0110010111010110
0100000011001010
0001110000001001
1111011110011001
1101001101111001
1010111110101101
1000110000111001
0110100100011010
0100011001001110
0010001111011011
0000000111000100
1110000000001010
1011111010101011
1001110110101001
0111110100000100
0101110011000010
0011110011100101
0001110101100100
1111111001010000
1101111110101011
1100000101100011
1010001110000111
1000011000010100
0110100100010000
0100110001111010
0011000001010011
0001010010010100
1111100101001110
1101111001111101
1100010000010011
1010101000101010
1001000010101110
0111011110101001
0101111100100101
0100011100010110
0010111101111110
0001100001100011
0000000111000100
1110101110100110
1101011000000100
1100000011011110
1010110000110101
1001100000010100
1000010001110000
0111000101010000
0101111010110100
0100110010011001
0011101100001110
0010101000000011
0001100101111101
0000100101110111
1111101000000101
1110101100011100
1101110010110100
1100111011010111
1100000110000100
1011010011000100
1010100010001101
1001110011100010
1001000110111100
1000011100101110
0111110100101100
0111001110110011
0110101011001011
0110001001110010
0101101010100111
0101001101101011
0100110011000100
0100011010100110
0100000100011100
0011110000100010
0011011110111101
0011001111101000
0011000010100011
0010110111101011
0010101111001011
0010101001000100
0010100101000001
0010100011010011
0010100011111001
0010100110110000
0010101011111010
0010110011011010
0010111100111010
0011001000111010
0011010111001111
0011100111101100
0011111010011101
0100001111011111
0100100110110010
0101000000011000
0101011100001111
0101111010001111
0110011010100111
0110111101000111
0111100001111000
1000001000111010
1000110010000111
1001011101011110
1010001011000100
1010111010111111
1011101100111011
1100100001000110
1101010111011011
1110001111111111
1111001010101100
0000000111100010
0001000110011000
0010000111011010
0011001010101101
0100001111111100
0101010111001111
0110100000100111
0111101100001000
1000111001101100
1010001001010001
1011011010110111
1100101110011100
1110000100000111
1111011011101101
0000110101001000
0010010000101000
0011101110000000
0101001101011000
0110101110100100
1000010001101001
1001110110100110
1011011101011100
1101000110001010
1110110000100100
0000011100111011
0010001010111010
0011111010101001
0101101100010001
0111011111011101
1001010100010101
1011001010111110
1101000011010011
1110111101010000
0000111000110010
0010110101110100
0100110100100011
0110110100111001
1000110110101000
1010111001111111
1100111110110110
1111000101000010
0001001100101110
0011010101110011
0101100000010000
0111101100001001
1001111001010110
1100000111110100
1110010111101001
0000101000110011
0010111011001110
0101001110110100
0111100011100111
1001111001100110
1100010000101101
1110101000111100
0001000010001000
0011011100100000
0101110111111000
1000010100010101
1010110001101010
1101001111111111
1111101111010111
0010001111101000
0100110000110110
0111010010101111
1001110101100001
1100011001000011
1110111101011101
0001100010100011
0100001000001110
0110101110101000
1001010101101111
1011111101100010
1110100101110101
0001001110101100
0011111000000111
0110100010001010
1001001100101010
1011110111011110
1110100010110001
0001001110100001
0011111010101101
0110100111000100
1010010010011000
1101101110010001
0000100110101101
0011010000100101
0110011100111110
1010101000110110
1111010010000011
0010111110000011
0100011000010000
0011011001000100
0001011000001001
0000011000110001
0001110011001010
0101011110111110
1010001000000111
1110010100000100
0001100000010000
0100001001111101
0111000010011010
1010011110000111
1101001010100111
1111110110111000
0010100010101100
0101001110011000
0111111001100001
1010100100000101
1101001110010001
1111111000000001
0010100001010010
0101001001110110
0111110001110110
1010011001001101
1101000000000101
1111100110001001
0010001011100001
0100110000001000
0111010100001000
1001110111010111
1100011001101010
1110111011001101
0001011011110100
0011111011101010
0110011010100101
1000111000011111
1011010101010101
1101110001001011
0000001100000101
0010100101110111
0100111110100101
0111010110001011
1001101100101100
1100000010000101
1110010110010001
0000101001010010
0010111011000010
0101001011100010
0111011010101110
1001101000100010
1011110101000001
1110000000001101
0000001010000000
0010010010010111
0100011001010001
0110011110110000
1000100010110010
1010100101010111
1100100110011001
1110100101110110
0000100011110111
0010100000001011
0100011010110000
0110010011111000
1000001011010100
1010000001000111
1011110101001011
1101100111100001
1111011000001000
0001000111000111
0010110100001101
0100011111011110
0110001001001000
0111110000110001
1001010110101101
1010111010110010
1100011100110110
1101111101000101
1111011011011101
0000110111111000
0010010010010111
0011101010110101
0101000001010111
0110010101111101
0111101000100110
1000111001000111
1010000111101011
1011010100001011
1100011110100111
1101100111000010
1110101101001101
1111110001011000
0000110011011110
0001110011100100
0010110001010110
0011101100111111
0100100110100111
0101011110000100
0110010011010111
0111000110010111
0111110111001110
1000100101111001
1001010010011111
1001111100101101
1010100100101111
1011001010101000
1011101110010000
1100001111101001
1100101110110100
1101001011110000
1101100110010111
1101111110110101
1110010100111111
1110101000111001
1110111010011110
1111001001110011
1111010110111000
1111100001110000
1111101010010000
1111110000010111
1111110100011010
1111110110001000
1111110101100010
1111110010101011
1111101101100001
1111100110000001
1111011100100001
1111010000100001
1111000010001100
1110110001101111
1110011110111110
1110001001111100
1101110010101001
1101011001000011
1100111101001100
1100011111001100
1011111110110100
1011011100010100
1010110111100011
1010010000100001
1001100111010100
1000111011111101
1000001110010111
0111011110011100
0110101100100000
0101111000010101
0101000010000000
0100001001011100
0011001110101111
0010010001111001
0001010011000011
0000010010000001
1111001110101110
1110001001011111
1101000010001100
1011111000110100
1010101101010011
1001011111101111
1000010000001010
0110111110100100
0101101010111111
0100010101010100
0010111101101110
0001100100010011
0000001000110011
1110101011011011
1101001100000011
1011101010110111
1010000111110010
1000100010110101
0110111011111111
0101010011010001
0011101000110111
0001111100100000
0000001110100001
1110011110110010
1100101101001010
1010111001111110
1001000101000110
0111001110011101
0101010110001000
0011011100001011
0001100000101001
1111100011100111
1101100100111000
1011100100100010
1001100010110011
0111011111011100
0101011010100101
0011010100011001
0001001100101101
1111000011101000
1100111001001011
1010101101010010
1000100000000101
0110010001100111
0100000001110010
0001110000101000
1111011110001101
1101001010100111
1010110101110100
1000011111110101
0110001000101110
0011110000011111
0001010111010011
1110111100111011
1100100001100011
1010000101000110
0111100111110001
0101001001011100
0010101010000100
0000001001110011
1101101000100101
1011000110101100
1000100011111010
0110000000011000
0011011011111110
0000110110111000
1110010001001101
1011101010110011
1001000011101100
0110011011111001
0011110011100110
0001001010101111
1110100001010100
1011110111010001
1001001100110001
0110100001111101
0011110110101010
0001001010111010
1110011110101110
1011110010010111
1001000101101011
0101011010000110
0001111101111110
1111000101001110
1100011011010001
1001001110110001
0101000010101000
0000011001010100
1100101101010111
1011010010111011
1100010010001110
1110010011001110
1111010010011101
1101111000011001
1010001100100100
0101100011100011
0001010111111111
1110001011110110
1011100010010001
1000101010010000
0101001110110100
0010100010100011
1111110110101111
1101001011000011
1010011111111010
0111110101010110
0101001011001010
0010100001011010
1111111000001001
1101001111100101
1010100111100101
1000000000001110
0101011001010110
0010110011010010
0000001101111010
1101101001010011
1011000101010011
1000100010000100
0101111111110001
0011011110001110
0000111101100111
1110011101110001
1011111110110110
1001100000111100
0111000100000110
0100101000010000
0010001101010110
1111110011100100
1101011010110110
1011000011010000
1000101100101111
0110010111010110
0100000011001010
0001110000001001
1111011110011001
1101001101111001
1010111110101101
1000110000111001
0110100100011010
0100011001001110
0010001111011011
0000000111000100
1110000000001010
1011111010101011
1001110110101001
0111110100000100
0101110011000010
0011110011100101
0001110101100100
1111111001010000
1101111110101011
1100000101100011
1010001110000111
1000011000010100
0110100100010000
0100110001111010
0011000001010011
0001010010010100
1111100101001110
1101111001111101
1100010000010011
1010101000101010
1001000010101110
0111011110101001
0101111100100101
0100011100010110
0010111101111110
0001100001100011
0000000111000100
1110101110100110
1101011000000100
1100000011011110
1010110000110101
1001100000010100
1000010001110000
0111000101010000
0101111010110100
0100110010011001
0011101100001110
0010101000000011
0001100101111101
0000100101110111
1111101000000101
1110101100011100
1101110010110100
1100111011010111
1100000110000100
1011010011000100
1010100010001101
1001110011100010
1001000110111100
1000011100101110
0111110100101100
0111001110110011
0110101011001011
0110001001110010
0101101010100111
0101001101101011
0100110011000100
0100011010100110
0100000100011100
0011110000100010
0011011110111101
0011001111101000
0011000010100011
0010110111101011
0010101111001011
0010101001000100
0010100101000001
0010100011010011
0010100011111001
0010100110110000
0010101011111010
0010110011011010
0010111100111010
0011001000111010
0011010111001111
0011100111101100
0011111010011101
0100001111011111
0100100110110010
0101000000011000
0101011100001111
0101111010001111
0110011010100111
0110111101000111
0111100001111000
1000001000111010
1000110010000111
1001011101011110
1010001011000100
1010111010111111
1011101100111011
1100100001000110
1101010111011011
1110001111111111
1111001010101100
0000000111100010
0001000110011000
0010000111011010
0011001010101101
0100001111111100
0101010111001111
0110100000100111
0111101100001000
1000111001101100
1010001001010001
1011011010110111
1100101110011100
1110000100000111
1111011011101101
0000110101001000
0010010000101000
0011101110000000
0101001101011000
0110101110100100
1000010001101001
1001110110100110
1011011101011100
1101000110001010
1110110000100100
0000011100111011
0010001010111010
0011111010101001
0101101100010001
0111011111011101
1001010100010101
1011001010111110
1101000011010011
1110111101010000
0000111000110010
0010110101110100
0100110100100011
0110110100111001
1000110110101000
1010111001111111
1100111110110110
1111000101000010
0001001100101110
0011010101110011
0101100000010000
0111101100001001
1001111001010110
1100000111110100
1110010111101001
0000101000110011
0010111011001110
0101001110110100
0111100011100111
1001111001100110
1100010000101101
1110101000111100
0001000010001000
0011011100100000
0101110111111000
1000010100010101
1010110001101010
1101001111111111
1111101111010111
0010001111101000
0100110000110110
0111010010101111
1001110101100001
1100011001000011
1110111101011101
0001100010100011
0100001000001110
0110101110101000
1001010101101111
1011111101100010
1110100101110101
0001001110101100
0011111000000111
0110100010001010
1001001100101010
1011110111011110
1110100010110001
0001001110100001
0011111010101101
0110100111000100
1010010010011000
1101101110010001
0000100110101101
0011010000100101
0110011100111110
1010101000110110
1111010010000011
0010111110000011
0100011000010000
0011011001000100
0001011000001001
0000011000110001
0001110011001010
0101011110111110
1010001000000111
1110010100000100
0001100000010000
0100001001111101
0111000010011010
1010011110000111
1101001010100111
1111110110111000
0010100010101100
0101001110011000
0111111001100001
1010100100000101
1101001110010001
1111111000000001
0010100001010010
0101001001110110
0111110001110110
1010011001001101
1101000000000101
1111100110001001
0010001011100001
0100110000001000
0111010100001000
1001110111010111
1100011001101010
1110111011001101
0001011011110100
0011111011101010
0110011010100101
1000111000011111
1011010101010101
1101110001001011
0000001100000101
0010100101110111
0100111110100101
0111010110001011
1001101100101100
1100000010000101
1110010110010001
0000101001010010
0010111011000010
0101001011100010
0111011010101110
1001101000100010
1011110101000001
1110000000001101
0000001010000000
0010010010010111
0100011001010001
0110011110110000
1000100010110010
1010100101010111
1100100110011001
1110100101110110
0000100011110111
0010100000001011
0100011010110000
0110010011111000
1000001011010100
1010000001000111
1011110101001011
1101100111100001
1111011000001000
0001000111000111
0010110100001101
0100011111011110
0110001001001000
0111110000110001
1001010110101101
1010111010110010
1100011100110110
1101111101000101
1111011011011101
0000110111111000
0010010010010111
0011101010110101
0101000001010111
0110010101111101
0111101000100110
1000111001000111
1010000111101011
1011010100001011
1100011110100111
1101100111000010
1110101101001101
1111110001011000
0000110011011110
0001110011100100
0010110001010110
0011101100111111
0100100110100111
0101011110000100
0110010011010111
0111000110010111
0111110111001110
1000100101111001
1001010010011111
1001111100101101
1010100100101111
1011001010101000
1011101110010000
1100001111101001
1100101110110100
1101001011110000
1101100110010111
1101111110110101
1110010100111111
1110101000111001
1110111010011110
1111001001110011
1111010110111000
1111100001110000
1111101010010000
1111110000010111
1111110100011010
1111110110001000
1111110101100010
1111110010101011
1111101101100001
1111100110000001
1111011100100001
1111010000100001
1111000010001100
1110110001101111
1110011110111110
1110001001111100
1101110010101001
1101011001000011
1100111101001100
1100011111001100
1011111110110100
1011011100010100
1010110111100011
1010010000100001
1001100111010100
1000111011111101
1000001110010111
0111011110011100
0110101100100000
0101111000010101
0101000010000000
0100001001011100
0011001110101111
0010010001111001
0001010011000011
0000010010000001
1111001110101110
1110001001011111
1101000010001100
1011111000110100
1010101101010011
1001011111101111
1000010000001010
0110111110100100
0101101010111111
0100010101010100
0010111101101110
0001100100010011
0000001000110011
1110101011011011
1101001100000011
1011101010110111
1010000111110010
1000100010110101
0110111011111111
0101010011010001
0011101000110111
0001111100100000
0000001110100001
1110011110110010
1100101101001010
1010111001111110
1001000101000110
0111001110011101
0101010110001000
0011011100001011
0001100000101001
1111100011100111
1101100100111000
1011100100100010
1001100010110011
0111011111011100
0101011010100101
0011010100011001
0001001100101101
1111000011101000
1100111001001011
1010101101010010
1000100000000101
0110010001100111
0100000001110010
0001110000101000
1111011110001101
1101001010100111
1010110101110100
1000011111110101
0110001000101110
0011110000011111
0001010111010011
1110111100111011
1100100001100011
1010000101000110
0111100111110001
0101001001011100
0010101010000100
0000001001110011
1101101000100101
1011000110101100
1000100011111010
0110000000011000
0011011011111110
0000110110111000
1110010001001101
1011101010110011
1001000011101100
0110011011111001
0011110011100110
0001001010101111
1110100001010100
1011110111010001
1001001100110001
0110100001111101
0011110110101010
0001001010111010
1110011110101110
1011110010010111
1001000101101011
0101011010000110
0001111101111110
1111000101001110
1100011011010001
1001001110110001
0101000010101000
0000011001010100
1100101101010111
1011010010111011
1100010010001110
1110010011001110
1111010010011101
1101111000011001
1010001100100100
0101100011100011
0001010111111111
1110001011110110
1011100010010001
1000101010010000
0101001110110100
0010100010100011
1111110110101111
1101001011000011
1010011111111010
0111110101010110
0101001011001010
0010100001011010
1111111000001001
1101001111100101
1010100111100101
1000000000001110
0101011001010110
0010110011010010
0000001101111010
1101101001010011
1011000101010011
1000100010000100
0101111111110001
0011011110001110
0000111101100111
1110011101110001
1011111110110110
1001100000111100
0111000100000110
0100101000010000
0010001101010110
1111110011100100
1101011010110110
1011000011010000
1000101100101111
0110010111010110
0100000011001010
0001110000001001
1111011110011001
1101001101111001
1010111110101101
1000110000111001
0110100100011010
0100011001001110
0010001111011011
0000000111000100
1110000000001010
1011111010101011
1001110110101001
0111110100000100
0101110011000010
0011110011100101
0001110101100100
1111111001010000
1101111110101011
1100000101100011
1010001110000111
1000011000010100
0110100100010000
0100110001111010
0011000001010011
0001010010010100
1111100101001110
1101111001111101
1100010000010011
1010101000101010
1001000010101110
0111011110101001
0101111100100101
0100011100010110
0010111101111110
0001100001100011
0000000111000100
1110101110100110
1101011000000100
1100000011011110
1010110000110101
1001100000010100
1000010001110000
0111000101010000
0101111010110100
0100110010011001
0011101100001110
0010101000000011
0001100101111101
0000100101110111
1111101000000101
1110101100011100
1101110010110100
1100111011010111
1100000110000100
1011010011000100
1010100010001101
1001110011100010
1001000110111100
1000011100101110
0111110100101100
0111001110110011
0110101011001011
0110001001110010
0101101010100111
0101001101101011
0100110011000100
0100011010100110
0100000100011100
0011110000100010
0011011110111101
0011001111101000
0011000010100011
0010110111101011
0010101111001011
0010101001000100
0010100101000001
0010100011010011
0010100011111001
0010100110110000
0010101011111010
0010110011011010
0010111100111010
0011001000111010
0011010111001111
0011100111101100
0011111010011101
0100001111011111
0100100110110010
0101000000011000
0101011100001111
0101111010001111
0110011010100111
0110111101000111
0111100001111000
1000001000111010
1000110010000111
1001011101011110
1010001011000100
1010111010111111
1011101100111011
1100100001000110
1101010111011011
1110001111111111
1111001010101100
0000000111100010
0001000110011000
0010000111011010
0011001010101101
0100001111111100
0101010111001111
0110100000100111
0111101100001000
1000111001101100
1010001001010001
1011011010110111
1100101110011100
1110000100000111
1111011011101101
0000110101001000
0010010000101000
0011101110000000
0101001101011000
0110101110100100
1000010001101001
1001110110100110
1011011101011100
1101000110001010
1110110000100100
0000011100111011
0010001010111010
0011111010101001
0101101100010001
0111011111011101
1001010100010101
1011001010111110
1101000011010011
1110111101010000
0000111000110010
0010110101110100
0100110100100011
0110110100111001
1000110110101000
1010111001111111
1100111110110110
1111000101000010
0001001100101110
0011010101110011
0101100000010000
0111101100001001
1001111001010110
1100000111110100
1110010111101001
0000101000110011
0010111011001110
0101001110110100
0111100011100111
1001111001100110
1100010000101101
1110101000111100
0001000010001000
0011011100100000
0101110111111000
1000010100010101
1010110001101010
1101001111111111
1111101111010111
0010001111101000
0100110000110110
0111010010101111
1001110101100001
1100011001000011
1110111101011101
0001100010100011
0100001000001110
0110101110101000
1001010101101111
1011111101100010
1110100101110101
0001001110101100
0011111000000111
0110100010001010
1001001100101010
1011110111011110
1110100010110001
0001001110100001
0011111010101101
0110100111000100
1010010010011000
1101101110010001
0000100110101101
0011010000100101
0110011100111110
1010101000110110
1111010010000011
0010111110000011
0100011000010000
0011011001000100
0001011000001001
0000011000110001
0001110011001010
0101011110111110
1010001000000111
1110010100000100
0001100000010000
0100001001111101
0111000010011010
1010011110000111
1101001010100111
1111110110111000
0010100010101100
0101001110011000
0111111001100001
1010100100000101
1101001110010001
1111111000000001
0010100001010010
0101001001110110
0111110001110110
1010011001001101
1101000000000101
1111100110001001
0010001011100001
0100110000001000
0111010100001000
1001110111010111
1100011001101010
1110111011001101
0001011011110100
0011111011101010
0110011010100101
1000111000011111
1011010101010101
1101110001001011
0000001100000101
0010100101110111
0100111110100101
0111010110001011
1001101100101100
1100000010000101
1110010110010001
0000101001010010
0010111011000010
0101001011100010
0111011010101110
1001101000100010
1011110101000001
1110000000001101
0000001010000000
0010010010010111
0100011001010001
0110011110110000
1000100010110010
1010100101010111
1100100110011001
1110100101110110
0000100011110111
0010100000001011
0100011010110000
0110010011111000
1000001011010100
1010000001000111
1011110101001011
1101100111100001
1111011000001000
0001000111000111
0010110100001101
0100011111011110
0110001001001000
0111110000110001
1001010110101101
1010111010110010
1100011100110110
1101111101000101
1111011011011101
0000110111111000
0010010010010111
0011101010110101
0101000001010111
0110010101111101
0111101000100110
1000111001000111
1010000111101011
1011010100001011
1100011110100111
1101100111000010
1110101101001101
1111110001011000
0000110011011110
0001110011100100
0010110001010110
0011101100111111
0100100110100111
0101011110000100
0110010011010111
0111000110010111
0111110111001110
1000100101111001
1001010010011111
1001111100101101
1010100100101111
1011001010101000
1011101110010000
1100001111101001
1100101110110100
1101001011110000
1101100110010111
1101111110110101
1110010100111111
1110101000111001
1110111010011110
1111001001110011
1111010110111000
1111100001110000
1111101010010000
1111110000010111
1111110100011010
1111110110001000
1111110101100010
1111110010101011
1111101101100001
1111100110000001
1111011100100001
1111010000100001
1111000010001100
1110110001101111
1110011110111110
1110001001111100
1101110010101001
1101011001000011
1100111101001100
1100011111001100
1011111110110100
1011011100010100
1010110111100011
1010010000100001
1001100111010100
1000111011111101
1000001110010111
0111011110011100
0110101100100000
0101111000010101
0101000010000000
0100001001011100
0011001110101111
0010010001111001
0001010011000011
0000010010000001
1111001110101110
1110001001011111
1101000010001100
1011111000110100
1010101101010011
1001011111101111
1000010000001010
0110111110100100
0101101010111111
0100010101010100
0010111101101110
0001100100010011
0000001000110011
1110101011011011
1101001100000011
1011101010110111
1010000111110010
1000100010110101
0110111011111111
0101010011010001
0011101000110111
0001111100100000
0000001110100001
1110011110110010
1100101101001010
1010111001111110
1001000101000110
0111001110011101
0101010110001000
0011011100001011
0001100000101001
1111100011100111
1101100100111000
1011100100100010
1001100010110011
0111011111011100
0101011010100101
0011010100011001
0001001100101101
1111000011101000
1100111001001011
1010101101010010
1000100000000101
0110010001100111
0100000001110010
0001110000101000
1111011110001101
1101001010100111
1010110101110100
1000011111110101
0110001000101110
0011110000011111
0001010111010011
1110111100111011
1100100001100011
1010000101000110
0111100111110001
0101001001011100
0010101010000100
0000001001110011
1101101000100101
1011000110101100
1000100011111010
0110000000011000
0011011011111110
0000110110111000
1110010001001101
1011101010110011
1001000011101100
0110011011111001
0011110011100110
0001001010101111
1110100001010100
1011110111010001
1001001100110001
0110100001111101
0011110110101010
0001001010111010
1110011110101110
1011110010010111
1001000101101011
0101011010000110
0001111101111110
1111000101001110
1100011011010001
1001001110110001
0101000010101000
0000011001010100
1100101101010111
1011010010111011
1100010010001110
1110010011001110
1111010010011101
1101111000011001
1010001100100100
0101100011100011
0001010111111111
1110001011110110
1011100010010001
1000101010010000
0101001110110100
0010100010100011
1111110110101111
1101001011000011
1010011111111010
0111110101010110
0101001011001010
0010100001011010
1111111000001001
1101001111100101
1010100111100101
1000000000001110
0101011001010110
0010110011010010
0000001101111010
1101101001010011
1011000101010011
1000100010000100
0101111111110001
0011011110001110
0000111101100111
1110011101110001
1011111110110110
1001100000111100
0111000100000110
0100101000010000
0010001101010110
1111110011100100
1101011010110110
1011000011010000
1000101100101111
0110010111010110
0100000011001010
0001110000001001
1111011110011001
1101001101111001
1010111110101101
1000110000111001
0110100100011010
0100011001001110
0010001111011011
0000000111000100
1110000000001010
1011111010101011
1001110110101001
0111110100000100
0101110011000010
0011110011100101
0001110101100100
1111111001010000
1101111110101011
1100000101100011
1010001110000111
1000011000010100
0110100100010000
0100110001111010
0011000001010011
0001010010010100
1111100101001110
1101111001111101
1100010000010011
1010101000101010
1001000010101110
0111011110101001
0101111100100101
0100011100010110
0010111101111110
0001100001100011
0000000111000100
1110101110100110
1101011000000100
1100000011011110
1010110000110101
1001100000010100
1000010001110000
0111000101010000
0101111010110100
0100110010011001
0011101100001110
0010101000000011
0001100101111101
0000100101110111
1111101000000101
1110101100011100
1101110010110100
1100111011010111
1100000110000100
1011010011000100
1010100010001101
1001110011100010
1001000110111100
1000011100101110
0111110100101100
0111001110110011
0110101011001011
0110001001110010
0101101010100111
0101001101101011
0100110011000100
0100011010100110
0100000100011100
0011110000100010
0011011110111101
0011001111101000
0011000010100011
0010110111101011
0010101111001011
0010101001000100
0010100101000001
0010100011010011
0010100011111001
0010100110110000
0010101011111010
0010110011011010
0010111100111010
0011001000111010
0011010111001111
0011100111101100
0011111010011101
0100001111011111
0100100110110010
0101000000011000
0101011100001111
0101111010001111
0110011010100111
0110111101000111
0111100001111000
1000001000111010
1000110010000111
1001011101011110
1010001011000100
1010111010111111
1011101100111011
1100100001000110
1101010111011011
1110001111111111
1111001010101100
0000000111100010
0001000110011000
0010000111011010
0011001010101101
0100001111111100
0101010111001111
0110100000100111
0111101100001000
1000111001101100
1010001001010001
1011011010110111
1100101110011100
1110000100000111
1111011011101101
0000110101001000
0010010000101000
0011101110000000
0101001101011000
0110101110100100
1000010001101001
1001110110100110
1011011101011100
1101000110001010
1110110000100100
0000011100111011
0010001010111010
0011111010101001
0101101100010001
0111011111011101
1001010100010101
1011001010111110
1101000011010011
1110111101010000
0000111000110010
0010110101110100
0100110100100011
0110110100111001
1000110110101000
1010111001111111
1100111110110110
1111000101000010
0001001100101110
0011010101110011
0101100000010000
0111101100001001
1001111001010110
1100000111110100
1110010111101001
0000101000110011
0010111011001110
0101001110110100
0111100011100111
1001111001100110
1100010000101101
1110101000111100
0001000010001000
0011011100100000
0101110111111000
1000010100010101
1010110001101010
1101001111111111
1111101111010111
0010001111101000
0100110000110110
0111010010101111
1001110101100001
1100011001000011
1110111101011101
0001100010100011
0100001000001110
0110101110101000
1001010101101111
1011111101100010
1110100101110101
0001001110101100
0011111000000111
0110100010001010
1001001100101010
1011110111011110
1110100010110001
0001001110100001
0011111010101101
0110100111000100
1010010010011000
1101101110010001
0000100110101101
0011010000100101
0110011100111110
1010101000110110
1111010010000011
0010111110000011
0100011000010000
0011011001000100
0001011000001001
0000011000110001
0001110011001010
0101011110111110
1010001000000111
1110010100000100
0001100000010000
0100001001111101
0111000010011010
1010011110000111
1101001010100111
1111110110111000
0010100010101100
0101001110011000
0111111001100001
1010100100000101
1101001110010001
1111111000000001
0010100001010010
0101001001110110
0111110001110110
1010011001001101
1101000000000101
1111100110001001
0010001011100001
0100110000001000
0111010100001000
1001110111010111
1100011001101010
1110111011001101
0001011011110100
0011111011101010
0110011010100101
1000111000011111
1011010101010101
1101110001001011
0000001100000101
0010100101110111
0100111110100101
0111010110001011
1001101100101100
1100000010000101
1110010110010001
0000101001010010
0010111011000010
0101001011100010
0111011010101110
1001101000100010
1011110101000001
1110000000001101
0000001010000000
0010010010010111
0100011001010001
0110011110110000
1000100010110010
1010100101010111
1100100110011001
1110100101110110
0000100011110111
0010100000001011
0100011010110000
0110010011111000
1000001011010100
1010000001000111
1011110101001011
1101100111100001
1111011000001000
0001000111000111
0010110100001101
0100011111011110
0110001001001000
0111110000110001
1001010110101101
1010111010110010
1100011100110110
1101111101000101
1111011011011101
0000110111111000
0010010010010111
0011101010110101
0101000001010111
0110010101111101
0111101000100110
1000111001000111
1010000111101011
1011010100001011
1100011110100111
1101100111000010
1110101101001101
1111110001011000
0000110011011110
0001110011100100
0010110001010110
0011101100111111
0100100110100111
0101011110000100
0110010011010111
0111000110010111
0111110111001110
1000100101111001
1001010010011111
1001111100101101
1010100100101111
1011001010101000
1011101110010000
1100001111101001
1100101110110100
1101001011110000
1101100110010111
1101111110110101
1110010100111111
1110101000111001
1110111010011110
1111001001110011
1111010110111000
1111100001110000
1111101010010000
1111110000010111
1111110100011010
1111110110001000
1111110101100010
1111110010101011
1111101101100001
1111100110000001
1111011100100001
1111010000100001
1111000010001100
1110110001101111
1110011110111110
1110001001111100
1101110010101001
1101011001000011
1100111101001100
1100011111001100
1011111110110100
1011011100010100
1010110111100011
1010010000100001
1001100111010100
1000111011111101
1000001110010111
0111011110011100
0110101100100000
0101111000010101
0101000010000000
0100001001011100
0011001110101111
0010010001111001
0001010011000011
0000010010000001
1111001110101110
1110001001011111
1101000010001100
1011111000110100
1010101101010011
1001011111101111
1000010000001010
0110111110100100
0101101010111111
0100010101010100
0010111101101110
0001100100010011
0000001000110011
1110101011011011
1101001100000011
1011101010110111
1010000111110010
1000100010110101
0110111011111111
0101010011010001
0011101000110111
0001111100100000
0000001110100001
1110011110110010
1100101101001010
1010111001111110
1001000101000110
0111001110011101
0101010110001000
0011011100001011
0001100000101001
1111100011100111
1101100100111000
1011100100100010
1001100010110011
0111011111011100
0101011010100101
0011010100011001
0001001100101101
1111000011101000
1100111001001011
1010101101010010
1000100000000101
0110010001100111
0100000001110010
0001110000101000
1111011110001101
1101001010100111
1010110101110100
1000011111110101
0110001000101110
0011110000011111
0001010111010011
1110111100111011
1100100001100011
1010000101000110
0111100111110001
0101001001011100
0010101010000100
0000001001110011
1101101000100101
1011000110101100
1000100011111010
0110000000011000
0011011011111110
0000110110111000
1110010001001101
1011101010110011
1001000011101100
0110011011111001
0011110011100110
0001001010101111
1110100001010100
1011110111010001
1001001100110001
0110100001111101
0011110110101010
0001001010111010
1110011110101110
1011110010010111
1001000101101011
0101011010000110
0001111101111110
1111000101001110
1100011011010001
1001001110110001
0101000010101000
0000011001010100
1100101101010111
1011010010111011
1100010010001110
1110010011001110
1111010010011101
1101111000011001
1010001100100100
0101100011100011
0001010111111111
1110001011110110
1011100010010001
1000101010010000
0101001110110100
0010100010100011
1111110110101111
1101001011000011
1010011111111010
0111110101010110
0101001011001010
0010100001011010
1111111000001001
1101001111100101
1010100111100101
1000000000001110
0101011001010110
0010110011010010
0000001101111010
1101101001010011
1011000101010011
1000100010000100
0101111111110001
0011011110001110
0000111101100111
1110011101110001
1011111110110110
1001100000111100
0111000100000110
0100101000010000
0010001101010110
1111110011100100
1101011010110110
1011000011010000
1000101100101111
0110010111010110
0100000011001010
0001110000001001
1111011110011001
1101001101111001
1010111110101101
1000110000111001
0110100100011010
0100011001001110
0010001111011011
0000000111000100
1110000000001010
1011111010101011
1001110110101001
0111110100000100
0101110011000010
0011110011100101
0001110101100100
1111111001010000
1101111110101011
1100000101100011
1010001110000111
1000011000010100
0110100100010000
0100110001111010
0011000001010011
0001010010010100
1111100101001110
1101111001111101
1100010000010011
1010101000101010
1001000010101110
0111011110101001
0101111100100101
0100011100010110
0010111101111110
0001100001100011
0000000111000100
1110101110100110
1101011000000100
1100000011011110
1010110000110101
1001100000010100
1000010001110000
0111000101010000
0101111010110100
0100110010011001
0011101100001110
0010101000000011
0001100101111101
0000100101110111
1111101000000101
1110101100011100
1101110010110100
1100111011010111
1100000110000100
1011010011000100
1010100010001101
1001110011100010
1001000110111100
1000011100101110
0111110100101100
0111001110110011
0110101011001011
0110001001110010
0101101010100111
0101001101101011
0100110011000100
0100011010100110
0100000100011100
0011110000100010
0011011110111101
0011001111101000
0011000010100011
0010110111101011
0010101111001011
0010101001000100
0010100101000001
0010100011010011
0010100011111001
0010100110110000
0010101011111010
0010110011011010
0010111100111010
0011001000111010
0011010111001111
0011100111101100
0011111010011101
0100001111011111
0100100110110010
0101000000011000
0101011100001111
0101111010001111
0110011010100111
0110111101000111
0111100001111000
1000001000111010
1000110010000111
1001011101011110
1010001011000100
1010111010111111
1011101100111011
1100100001000110
1101010111011011
1110001111111111
1111001010101100
0000000111100010
0001000110011000
0010000111011010
0011001010101101
0100001111111100
0101010111001111
0110100000100111
0111101100001000
1000111001101100
1010001001010001
1011011010110111
1100101110011100
1110000100000111
1111011011101101
0000110101001000
0010010000101000
0011101110000000
0101001101011000
0110101110100100
1000010001101001
1001110110100110
1011011101011100
1101000110001010
1110110000100100
0000011100111011
0010001010111010
0011111010101001
0101101100010001
0111011111011101
1001010100010101
1011001010111110
1101000011010011
1110111101010000
0000111000110010
0010110101110100
0100110100100011
0110110100111001
1000110110101000
1010111001111111
1100111110110110
1111000101000010
0001001100101110
0011010101110011
0101100000010000
0111101100001001
1001111001010110
1100000111110100
1110010111101001
0000101000110011
0010111011001110
0101001110110100
0111100011100111
1001111001100110
1100010000101101
1110101000111100
0001000010001000
0011011100100000
0101110111111000
1000010100010101
1010110001101010
1101001111111111
1111101111010111
0010001111101000
0100110000110110
0111010010101111
1001110101100001
1100011001000011
1110111101011101
0001100010100011
0100001000001110
0110101110101000
1001010101101111
1011111101100010
1110100101110101
0001001110101100
0011111000000111
0110100010001010
1001001100101010
1011110111011110
1110100010110001
0001001110100001
0011111010101101
0110100111000100
1010010010011000
1101100001000110
1111111111000101
0010000001001011
0100100101110000
0111111100100011
1011100011100110
1110000000011111
1101111110011101
1011100010101101
1000000100101000
0101100111001111
0101100010111000
0111101111111000
1010101101000100
1101000000010011
1110000110111101
1110011101111110
1111000011110101
0000000000000000
