0000000000000000
0000000011010110
0000000110101101
0000001010000011
0000001101011001
0000010000110000
0000010100000101
0000010111011011
0000011010110001
0000011110000110
0000100001011011
0000100100101111
0000101000000011
0000101011010111
0000101110101010
0000110001111100
0000110101001110
0000111000100000
0000111011110001
0000111111000001
0001000010010000
0001000101011111
0001001000101101
0001001011111011
0001001111000111
0001010010010010
0001010101011101
0001011000100111
0001011011110000
0001011110110111
0001100001111110
0001100101000011
0001101000001000
0001101011001011
0001101110001101
0001110001001110
0001110100001110
0001110111001101
0001111010001010
0001111101000110
0010000000000000
0010000010111001
0010000101110001
0010001000100111
0010001011011011
0010001110001110
0010010001000000
0010010011110000
0010010110011110
0010011001001011
0010011011110110
0010011110011111
0010100001000111
0010100011101101
0010100110010001
0010101000110011
0010101011010011
0010101101110001
0010110000001110
0010110010101001
0010110101000001
0010110111011000
0010111001101101
0010111011111111
0010111110010000
0011000000011110
0011000010101010
0011000100110101
0011000110111101
0011001001000011
0011001011000110
0011001101001000
0011001111000111
0011010001000100
0011010010111110
0011010100110111
0011010110101101
0011011000100000
0011011010010010
0011011100000001
0011011101101101
0011011111010111
0011100000111111
0011100010100100
0011100100000110
0011100101100110
0011100111000100
0011101000011111
0011101001111000
0011101011001101
0011101100100001
0011101101110010
0011101111000000
0011110000001011
0011110001010100
0011110010011011
0011110011011110
0011110100011111
0011110101011101
0011110110011001
0011110111010010
0011111000001000
0011111000111011
0011111001101100
0011111010011010
0011111011000101
0011111011101110
0011111100010011
0011111100110110
0011111101010110
0011111101110100
0011111110001110
0011111110100110
0011111110111011
0011111111001101
0011111111011101
0011111111101010
0011111111110011
0011111111111010
0011111111111111
0100000000000000
0011111111111111
0011111111111010
0011111111110011
0011111111101010
0011111111011101
0011111111001101
0011111110111011
0011111110100110
0011111110001110
0011111101110100
0011111101010110
0011111100110110
0011111100010011
0011111011101110
0011111011000101
0011111010011010
0011111001101100
0011111000111011
0011111000001000
0011110111010010
0011110110011001
0011110101011101
0011110100011111
0011110011011110
0011110010011011
0011110001010100
0011110000001011
0011101111000000
0011101101110010
0011101100100001
0011101011001101
0011101001111000
0011101000011111
0011100111000100
0011100101100110
0011100100000110
0011100010100100
0011100000111111
0011011111010111
0011011101101101
0011011100000001
0011011010010010
0011011000100000
0011010110101101
0011010100110111
0011010010111110
0011010001000100
0011001111000111
0011001101001000
0011001011000110
0011001001000011
0011000110111101
0011000100110101
0011000010101010
0011000000011110
0010111110010000
0010111011111111
0010111001101101
0010110111011000
0010110101000001
0010110010101001
0010110000001110
0010101101110001
0010101011010011
0010101000110011
0010100110010001
0010100011101101
0010100001000111
0010011110011111
0010011011110110
0010011001001011
0010010110011110
0010010011110000
0010010001000000
0010001110001110
0010001011011011
0010001000100111
0010000101110001
0010000010111001
0010000000000000
0001111101000110
0001111010001010
0001110111001101
0001110100001110
0001110001001110
0001101110001101
0001101011001011
0001101000001000
0001100101000011
0001100001111110
0001011110110111
0001011011110000
0001011000100111
0001010101011101
0001010010010010
0001001111000111
0001001011111011
0001001000101101
0001000101011111
0001000010010000
0000111111000001
0000111011110001
0000111000100000
0000110101001110
0000110001111100
0000101110101010
0000101011010111
0000101000000011
0000100100101111
0000100001011011
0000011110000110
0000011010110001
0000010111011011
0000010100000101
0000010000110000
0000001101011001
0000001010000011
0000000110101101
0000000011010110
0000000000000000
1111111100101010
1111111001010011
1111110101111101
1111110010100111
1111101111010000
1111101011111011
1111101000100101
1111100101001111
1111100001111010
1111011110100101
1111011011010001
1111010111111101
1111010100101001
1111010001010110
1111001110000100
1111001010110010
1111000111100000
1111000100001111
1111000000111111
1110111101110000
1110111010100001
1110110111010011
1110110100000101
1110110000111001
1110101101101110
1110101010100011
1110100111011001
1110100100010000
1110100001001001
1110011110000010
1110011010111101
1110010111111000
1110010100110101
1110010001110011
1110001110110010
1110001011110010
1110001000110011
1110000101110110
1110000010111010
1110000000000000
1101111101000111
1101111010001111
1101110111011001
1101110100100101
1101110001110010
1101101111000000
1101101100010000
1101101001100010
1101100110110101
1101100100001010
1101100001100001
1101011110111001
1101011100010011
1101011001101111
1101010111001101
1101010100101101
1101010010001111
1101001111110010
1101001101010111
1101001010111111
1101001000101000
1101000110010011
1101000100000001
1101000001110000
1100111111100010
1100111101010110
1100111011001011
1100111001000011
1100110110111101
1100110100111010
1100110010111000
1100110000111001
1100101110111100
1100101101000010
1100101011001001
1100101001010011
1100100111100000
1100100101101110
1100100011111111
1100100010010011
1100100000101001
1100011111000001
1100011101011100
1100011011111010
1100011010011010
1100011000111100
1100010111100001
1100010110001000
1100010100110011
1100010011011111
1100010010001110
1100010001000000
1100001111110101
1100001110101100
1100001101100101
1100001100100010
1100001011100001
1100001010100011
1100001001100111
1100001000101110
1100000111111000
1100000111000101
1100000110010100
1100000101100110
1100000100111011
1100000100010010
1100000011101101
1100000011001010
1100000010101010
1100000010001100
1100000001110010
1100000001011010
1100000001000101
1100000000110011
1100000000100011
1100000000010110
1100000000001101
1100000000000110
1100000000000001
1100000000000000
1100000000000001
1100000000000110
1100000000001101
1100000000010110
1100000000100011
1100000000110011
1100000001000101
1100000001011010
1100000001110010
1100000010001100
1100000010101010
1100000011001010
1100000011101101
1100000100010010
1100000100111011
1100000101100110
1100000110010100
1100000111000101
1100000111111000
1100001000101110
1100001001100111
1100001010100011
1100001011100001
1100001100100010
1100001101100101
1100001110101100
1100001111110101
1100010001000000
1100010010001110
1100010011011111
1100010100110011
1100010110001000
1100010111100001
1100011000111100
1100011010011010
1100011011111010
1100011101011100
1100011111000001
1100100000101001
1100100010010011
1100100011111111
1100100101101110
1100100111100000
1100101001010011
1100101011001001
1100101101000010
1100101110111100
1100110000111001
1100110010111000
1100110100111010
1100110110111101
1100111001000011
1100111011001011
1100111101010110
1100111111100010
1101000001110000
1101000100000001
1101000110010011
1101001000101000
1101001010111111
1101001101010111
1101001111110010
1101010010001111
1101010100101101
1101010111001101
1101011001101111
1101011100010011
1101011110111001
1101100001100001
1101100100001010
1101100110110101
1101101001100010
1101101100010000
1101101111000000
1101110001110010
1101110100100101
1101110111011001
1101111010001111
1101111101000111
1110000000000000
1110000010111010
1110000101110110
1110001000110011
1110001011110010
1110001110110010
1110010001110011
1110010100110101
1110010111111000
1110011010111101
1110011110000010
1110100001001001
1110100100010000
1110100111011001
1110101010100011
1110101101101110
1110110000111001
1110110100000101
1110110111010011
1110111010100001
1110111101110000
1111000000111111
1111000100001111
1111000111100000
1111001010110010
1111001110000100
1111010001010110
1111010100101001
1111010111111101
1111011011010001
1111011110100101
1111100001111010
1111100101001111
1111101000100101
1111101011111011
1111101111010000
1111110010100111
1111110101111101
1111111001010011
1111111100101010
0000000000000000
0000000011010110
0000000110101101
0000001010000011
0000001101011001
0000010000110000
0000010100000101
0000010111011011
0000011010110001
0000011110000110
0000100001011011
0000100100101111
0000101000000011
0000101011010111
0000101110101010
0000110001111100
0000110101001110
0000111000100000
0000111011110001
0000111111000001
0001000010010000
0001000101011111
0001001000101101
0001001011111011
0001001111000111
0001010010010010
0001010101011101
0001011000100111
0001011011110000
0001011110110111
0001100001111110
0001100101000011
0001101000001000
0001101011001011
0001101110001101
0001110001001110
0001110100001110
0001110111001101
0001111010001010
0001111101000110
0010000000000000
0010000010111001
0010000101110001
0010001000100111
0010001011011011
0010001110001110
0010010001000000
0010010011110000
0010010110011110
0010011001001011
0010011011110110
0010011110011111
0010100001000111
0010100011101101
0010100110010001
0010101000110011
0010101011010011
0010101101110001
0010110000001110
0010110010101001
0010110101000001
0010110111011000
0010111001101101
0010111011111111
0010111110010000
0011000000011110
0011000010101010
0011000100110101
0011000110111101
0011001001000011
0011001011000110
0011001101001000
0011001111000111
0011010001000100
0011010010111110
0011010100110111
0011010110101101
0011011000100000
0011011010010010
0011011100000001
0011011101101101
0011011111010111
0011100000111111
0011100010100100
0011100100000110
0011100101100110
0011100111000100
0011101000011111
0011101001111000
0011101011001101
0011101100100001
0011101101110010
0011101111000000
0011110000001011
0011110001010100
0011110010011011
0011110011011110
0011110100011111
0011110101011101
0011110110011001
0011110111010010
0011111000001000
0011111000111011
0011111001101100
0011111010011010
0011111011000101
0011111011101110
0011111100010011
0011111100110110
0011111101010110
0011111101110100
0011111110001110
0011111110100110
0011111110111011
0011111111001101
0011111111011101
0011111111101010
0011111111110011
0011111111111010
0011111111111111
0100000000000000
0011111111111111
0011111111111010
0011111111110011
0011111111101010
0011111111011101
0011111111001101
0011111110111011
0011111110100110
0011111110001110
0011111101110100
0011111101010110
0011111100110110
0011111100010011
0011111011101110
0011111011000101
0011111010011010
0011111001101100
0011111000111011
0011111000001000
0011110111010010
0011110110011001
0011110101011101
0011110100011111
0011110011011110
0011110010011011
0011110001010100
0011110000001011
0011101111000000
0011101101110010
0011101100100001
0011101011001101
0011101001111000
0011101000011111
0011100111000100
0011100101100110
0011100100000110
0011100010100100
0011100000111111
0011011111010111
0011011101101101
0011011100000001
0011011010010010
0011011000100000
0011010110101101
0011010100110111
0011010010111110
0011010001000100
0011001111000111
0011001101001000
0011001011000110
0011001001000011
0011000110111101
0011000100110101
0011000010101010
0011000000011110
0010111110010000
0010111011111111
0010111001101101
0010110111011000
0010110101000001
0010110010101001
0010110000001110
0010101101110001
0010101011010011
0010101000110011
0010100110010001
0010100011101101
0010100001000111
0010011110011111
0010011011110110
0010011001001011
0010010110011110
0010010011110000
0010010001000000
0010001110001110
0010001011011011
0010001000100111
0010000101110001
0010000010111001
0010000000000000
0001111101000110
0001111010001010
0001110111001101
0001110100001110
0001110001001110
0001101110001101
0001101011001011
0001101000001000
0001100101000011
0001100001111110
0001011110110111
0001011011110000
0001011000100111
0001010101011101
0001010010010010
0001001111000111
0001001011111011
0001001000101101
0001000101011111
0001000010010000
0000111111000001
0000111011110001
0000111000100000
0000110101001110
0000110001111100
0000101110101010
0000101011010111
0000101000000011
0000100100101111
0000100001011011
0000011110000110
0000011010110001
0000010111011011
0000010100000101
0000010000110000
0000001101011001
0000001010000011
0000000110101101
0000000011010110
0000000000000000
1111111100101010
1111111001010011
1111110101111101
1111110010100111
1111101111010000
1111101011111011
1111101000100101
1111100101001111
1111100001111010
1111011110100101
1111011011010001
1111010111111101
1111010100101001
1111010001010110
1111001110000100
1111001010110010
1111000111100000
1111000100001111
1111000000111111
1110111101110000
1110111010100001
1110110111010011
1110110100000101
1110110000111001
1110101101101110
1110101010100011
1110100111011001
1110100100010000
1110100001001001
1110011110000010
1110011010111101
1110010111111000
1110010100110101
1110010001110011
1110001110110010
1110001011110010
1110001000110011
1110000101110110
1110000010111010
1110000000000000
1101111101000111
1101111010001111
1101110111011001
1101110100100101
1101110001110010
1101101111000000
1101101100010000
1101101001100010
1101100110110101
1101100100001010
1101100001100001
1101011110111001
1101011100010011
1101011001101111
1101010111001101
1101010100101101
1101010010001111
1101001111110010
1101001101010111
1101001010111111
1101001000101000
1101000110010011
1101000100000001
1101000001110000
1100111111100010
1100111101010110
1100111011001011
1100111001000011
1100110110111101
1100110100111010
1100110010111000
1100110000111001
1100101110111100
1100101101000010
1100101011001001
1100101001010011
1100100111100000
1100100101101110
1100100011111111
1100100010010011
1100100000101001
1100011111000001
1100011101011100
1100011011111010
1100011010011010
1100011000111100
1100010111100001
1100010110001000
1100010100110011
1100010011011111
1100010010001110
1100010001000000
1100001111110101
1100001110101100
1100001101100101
1100001100100010
1100001011100001
1100001010100011
1100001001100111
1100001000101110
1100000111111000
1100000111000101
1100000110010100
1100000101100110
1100000100111011
1100000100010010
1100000011101101
1100000011001010
1100000010101010
1100000010001100
1100000001110010
1100000001011010
1100000001000101
1100000000110011
1100000000100011
1100000000010110
1100000000001101
1100000000000110
1100000000000001
1100000000000000
1100000000000001
1100000000000110
1100000000001101
1100000000010110
1100000000100011
1100000000110011
1100000001000101
1100000001011010
1100000001110010
1100000010001100
1100000010101010
1100000011001010
1100000011101101
1100000100010010
1100000100111011
1100000101100110
1100000110010100
1100000111000101
1100000111111000
1100001000101110
1100001001100111
1100001010100011
1100001011100001
1100001100100010
1100001101100101
1100001110101100
1100001111110101
1100010001000000
1100010010001110
1100010011011111
1100010100110011
1100010110001000
1100010111100001
1100011000111100
1100011010011010
1100011011111010
1100011101011100
1100011111000001
1100100000101001
1100100010010011
1100100011111111
1100100101101110
1100100111100000
1100101001010011
1100101011001001
1100101101000010
1100101110111100
1100110000111001
1100110010111000
1100110100111010
1100110110111101
1100111001000011
1100111011001011
1100111101010110
1100111111100010
1101000001110000
1101000100000001
1101000110010011
1101001000101000
1101001010111111
1101001101010111
1101001111110010
1101010010001111
1101010100101101
1101010111001101
1101011001101111
1101011100010011
1101011110111001
1101100001100001
1101100100001010
1101100110110101
1101101001100010
1101101100010000
1101101111000000
1101110001110010
1101110100100101
1101110111011001
1101111010001111
1101111101000111
1110000000000000
1110000010111010
1110000101110110
1110001000110011
1110001011110010
1110001110110010
1110010001110011
1110010100110101
1110010111111000
1110011010111101
1110011110000010
1110100001001001
1110100100010000
1110100111011001
1110101010100011
1110101101101110
1110110000111001
1110110100000101
1110110111010011
1110111010100001
1110111101110000
1111000000111111
1111000100001111
1111000111100000
1111001010110010
1111001110000100
1111010001010110
1111010100101001
1111010111111101
1111011011010001
1111011110100101
1111100001111010
1111100101001111
1111101000100101
1111101011111011
1111101111010000
1111110010100111
1111110101111101
1111111001010011
1111111100101010
0000000000000000
0000000011010110
0000000110101101
0000001010000011
0000001101011001
0000010000110000
0000010100000101
0000010111011011
0000011010110001
0000011110000110
0000100001011011
0000100100101111
0000101000000011
0000101011010111
0000101110101010
0000110001111100
0000110101001110
0000111000100000
0000111011110001
0000111111000001
0001000010010000
0001000101011111
0001001000101101
0001001011111011
0001001111000111
0001010010010010
0001010101011101
0001011000100111
0001011011110000
0001011110110111
0001100001111110
0001100101000011
0001101000001000
0001101011001011
0001101110001101
0001110001001110
0001110100001110
0001110111001101
0001111010001010
0001111101000110
0010000000000000
0010000010111001
0010000101110001
0010001000100111
0010001011011011
0010001110001110
0010010001000000
0010010011110000
0010010110011110
0010011001001011
0010011011110110
0010011110011111
0010100001000111
0010100011101101
0010100110010001
0010101000110011
0010101011010011
0010101101110001
0010110000001110
0010110010101001
0010110101000001
0010110111011000
0010111001101101
0010111011111111
0010111110010000
0011000000011110
0011000010101010
0011000100110101
0011000110111101
0011001001000011
0011001011000110
0011001101001000
0011001111000111
0011010001000100
0011010010111110
0011010100110111
0011010110101101
0011011000100000
0011011010010010
0011011100000001
0011011101101101
0011011111010111
0011100000111111
0011100010100100
0011100100000110
0011100101100110
0011100111000100
0011101000011111
0011101001111000
0011101011001101
0011101100100001
0011101101110010
0011101111000000
0011110000001011
0011110001010100
0011110010011011
0011110011011110
0011110100011111
0011110101011101
0011110110011001
0011110111010010
0011111000001000
0011111000111011
0011111001101100
0011111010011010
0011111011000101
0011111011101110
0011111100010011
0011111100110110
0011111101010110
0011111101110100
0011111110001110
0011111110100110
0011111110111011
0011111111001101
0011111111011101
0011111111101010
0011111111110011
0011111111111010
0011111111111111
0100000000000000
0011111111111111
0011111111111010
0011111111110011
0011111111101010
0011111111011101
0011111111001101
0011111110111011
0011111110100110
0011111110001110
0011111101110100
0011111101010110
0011111100110110
0011111100010011
0011111011101110
0011111011000101
0011111010011010
0011111001101100
0011111000111011
0011111000001000
0011110111010010
0011110110011001
0011110101011101
0011110100011111
0011110011011110
0011110010011011
0011110001010100
0011110000001011
0011101111000000
0011101101110010
0011101100100001
0011101011001101
0011101001111000
0011101000011111
0011100111000100
0011100101100110
0011100100000110
0011100010100100
0011100000111111
0011011111010111
0011011101101101
0011011100000001
0011011010010010
0011011000100000
0011010110101101
0011010100110111
0011010010111110
0011010001000100
0011001111000111
0011001101001000
0011001011000110
0011001001000011
0011000110111101
0011000100110101
0011000010101010
0011000000011110
0010111110010000
0010111011111111
0010111001101101
0010110111011000
0010110101000001
0010110010101001
0010110000001110
0010101101110001
0010101011010011
0010101000110011
0010100110010001
0010100011101101
0010100001000111
0010011110011111
0010011011110110
0010011001001011
0010010110011110
0010010011110000
0010010001000000
0010001110001110
0010001011011011
0010001000100111
0010000101110001
0010000010111001
0010000000000000
0001111101000110
0001111010001010
0001110111001101
0001110100001110
0001110001001110
0001101110001101
0001101011001011
0001101000001000
0001100101000011
0001100001111110
0001011110110111
0001011011110000
0001011000100111
0001010101011101
0001010010010010
0001001111000111
0001001011111011
0001001000101101
0001000101011111
0001000010010000
0000111111000001
0000111011110001
0000111000100000
0000110101001110
0000110001111100
0000101110101010
0000101011010111
0000101000000011
0000100100101111
0000100001011011
0000011110000110
0000011010110001
0000010111011011
0000010100000101
0000010000110000
0000001101011001
0000001010000011
0000000110101101
0000000011010110
0000000000000000
1111111100101010
1111111001010011
1111110101111101
1111110010100111
1111101111010000
1111101011111011
1111101000100101
1111100101001111
1111100001111010
1111011110100101
1111011011010001
1111010111111101
1111010100101001
1111010001010110
1111001110000100
1111001010110010
1111000111100000
1111000100001111
1111000000111111
1110111101110000
1110111010100001
1110110111010011
1110110100000101
1110110000111001
1110101101101110
1110101010100011
1110100111011001
1110100100010000
1110100001001001
1110011110000010
1110011010111101
1110010111111000
1110010100110101
1110010001110011
1110001110110010
1110001011110010
1110001000110011
1110000101110110
1110000010111010
1110000000000000
1101111101000111
1101111010001111
1101110111011001
1101110100100101
1101110001110010
1101101111000000
1101101100010000
1101101001100010
1101100110110101
1101100100001010
1101100001100001
1101011110111001
1101011100010011
1101011001101111
1101010111001101
1101010100101101
1101010010001111
1101001111110010
1101001101010111
1101001010111111
1101001000101000
1101000110010011
1101000100000001
1101000001110000
1100111111100010
1100111101010110
1100111011001011
1100111001000011
1100110110111101
1100110100111010
1100110010111000
1100110000111001
1100101110111100
1100101101000010
1100101011001001
1100101001010011
1100100111100000
1100100101101110
1100100011111111
1100100010010011
1100100000101001
1100011111000001
1100011101011100
1100011011111010
1100011010011010
1100011000111100
1100010111100001
1100010110001000
1100010100110011
1100010011011111
1100010010001110
1100010001000000
1100001111110101
1100001110101100
1100001101100101
1100001100100010
1100001011100001
1100001010100011
1100001001100111
1100001000101110
1100000111111000
1100000111000101
1100000110010100
1100000101100110
1100000100111011
1100000100010010
1100000011101101
1100000011001010
1100000010101010
1100000010001100
1100000001110010
1100000001011010
1100000001000101
1100000000110011
1100000000100011
1100000000010110
1100000000001101
1100000000000110
1100000000000001
1100000000000000
1100000000000001
1100000000000110
1100000000001101
1100000000010110
1100000000100011
1100000000110011
1100000001000101
1100000001011010
1100000001110010
1100000010001100
1100000010101010
1100000011001010
1100000011101101
1100000100010010
1100000100111011
1100000101100110
1100000110010100
1100000111000101
1100000111111000
1100001000101110
1100001001100111
1100001010100011
1100001011100001
1100001100100010
1100001101100101
1100001110101100
1100001111110101
1100010001000000
1100010010001110
1100010011011111
1100010100110011
1100010110001000
1100010111100001
1100011000111100
1100011010011010
1100011011111010
1100011101011100
1100011111000001
1100100000101001
1100100010010011
1100100011111111
1100100101101110
1100100111100000
1100101001010011
1100101011001001
1100101101000010
1100101110111100
1100110000111001
1100110010111000
1100110100111010
1100110110111101
1100111001000011
1100111011001011
1100111101010110
1100111111100010
1101000001110000
1101000100000001
1101000110010011
1101001000101000
1101001010111111
1101001101010111
1101001111110010
1101010010001111
1101010100101101
1101010111001101
1101011001101111
1101011100010011
1101011110111001
1101100001100001
1101100100001010
1101100110110101
1101101001100010
1101101100010000
1101101111000000
1101110001110010
1101110100100101
1101110111011001
1101111010001111
1101111101000111
1110000000000000
1110000010111010
1110000101110110
1110001000110011
1110001011110010
1110001110110010
1110010001110011
1110010100110101
1110010111111000
1110011010111101
1110011110000010
1110100001001001
1110100100010000
1110100111011001
1110101010100011
1110101101101110
1110110000111001
1110110100000101
1110110111010011
1110111010100001
1110111101110000
1111000000111111
1111000100001111
1111000111100000
1111001010110010
1111001110000100
1111010001010110
1111010100101001
1111010111111101
1111011011010001
1111011110100101
1111100001111010
1111100101001111
1111101000100101
1111101011111011
1111101111010000
1111110010100111
1111110101111101
1111111001010011
1111111100101010
0000000000000000
0000000011010110
0000000110101101
0000001010000011
0000001101011001
0000010000110000
0000010100000101
0000010111011011
0000011010110001
0000011110000110
0000100001011011
0000100100101111
0000101000000011
0000101011010111
0000101110101010
0000110001111100
0000110101001110
0000111000100000
0000111011110001
0000111111000001
0001000010010000
0001000101011111
0001001000101101
0001001011111011
0001001111000111
0001010010010010
0001010101011101
0001011000100111
0001011011110000
0001011110110111
0001100001111110
0001100101000011
0001101000001000
0001101011001011
0001101110001101
0001110001001110
0001110100001110
0001110111001101
0001111010001010
0001111101000110
0010000000000000
0010000010111001
0010000101110001
0010001000100111
0010001011011011
0010001110001110
0010010001000000
0010010011110000
0010010110011110
0010011001001011
0010011011110110
0010011110011111
0010100001000111
0010100011101101
0010100110010001
0010101000110011
0010101011010011
0010101101110001
0010110000001110
0010110010101001
0010110101000001
0010110111011000
0010111001101101
0010111011111111
0010111110010000
0011000000011110
0011000010101010
0011000100110101
0011000110111101
0011001001000011
0011001011000110
0011001101001000
0011001111000111
0011010001000100
0011010010111110
0011010100110111
0011010110101101
0011011000100000
0011011010010010
0011011100000001
0011011101101101
0011011111010111
0011100000111111
0011100010100100
0011100100000110
0011100101100110
0011100111000100
0011101000011111
0011101001111000
0011101011001101
0011101100100001
0011101101110010
0011101111000000
0011110000001011
0011110001010100
0011110010011011
0011110011011110
0011110100011111
0011110101011101
0011110110011001
0011110111010010
0011111000001000
0011111000111011
0011111001101100
0011111010011010
0011111011000101
0011111011101110
0011111100010011
0011111100110110
0011111101010110
0011111101110100
0011111110001110
0011111110100110
0011111110111011
0011111111001101
0011111111011101
0011111111101010
0011111111110011
0011111111111010
0011111111111111
0100000000000000
0011111111111111
0011111111111010
0011111111110011
0011111111101010
0011111111011101
0011111111001101
0011111110111011
0011111110100110
0011111110001110
0011111101110100
0011111101010110
0011111100110110
0011111100010011
0011111011101110
0011111011000101
0011111010011010
0011111001101100
0011111000111011
0011111000001000
0011110111010010
0011110110011001
0011110101011101
0011110100011111
0011110011011110
0011110010011011
0011110001010100
0011110000001011
0011101111000000
0011101101110010
0011101100100001
0011101011001101
0011101001111000
0011101000011111
0011100111000100
0011100101100110
0011100100000110
0011100010100100
0011100000111111
0011011111010111
0011011101101101
0011011100000001
0011011010010010
0011011000100000
0011010110101101
0011010100110111
0011010010111110
0011010001000100
0011001111000111
0011001101001000
0011001011000110
0011001001000011
0011000110111101
0011000100110101
0011000010101010
0011000000011110
0010111110010000
0010111011111111
0010111001101101
0010110111011000
0010110101000001
0010110010101001
0010110000001110
0010101101110001
0010101011010011
0010101000110011
0010100110010001
0010100011101101
0010100001000111
0010011110011111
0010011011110110
0010011001001011
0010010110011110
0010010011110000
0010010001000000
0010001110001110
0010001011011011
0010001000100111
0010000101110001
0010000010111001
0010000000000000
0001111101000110
0001111010001010
0001110111001101
0001110100001110
0001110001001110
0001101110001101
0001101011001011
0001101000001000
0001100101000011
0001100001111110
0001011110110111
0001011011110000
0001011000100111
0001010101011101
0001010010010010
0001001111000111
0001001011111011
0001001000101101
0001000101011111
0001000010010000
0000111111000001
0000111011110001
0000111000100000
0000110101001110
0000110001111100
0000101110101010
0000101011010111
0000101000000011
0000100100101111
0000100001011011
0000011110000110
0000011010110001
0000010111011011
0000010100000101
0000010000110000
0000001101011001
0000001010000011
0000000110101101
0000000011010110
0000000000000000
1111111100101010
1111111001010011
1111110101111101
1111110010100111
1111101111010000
1111101011111011
1111101000100101
1111100101001111
1111100001111010
1111011110100101
1111011011010001
1111010111111101
1111010100101001
1111010001010110
1111001110000100
1111001010110010
1111000111100000
1111000100001111
1111000000111111
1110111101110000
1110111010100001
1110110111010011
1110110100000101
1110110000111001
1110101101101110
1110101010100011
1110100111011001
1110100100010000
1110100001001001
1110011110000010
1110011010111101
1110010111111000
1110010100110101
1110010001110011
1110001110110010
1110001011110010
1110001000110011
1110000101110110
1110000010111010
1110000000000000
1101111101000111
1101111010001111
1101110111011001
1101110100100101
1101110001110010
1101101111000000
1101101100010000
1101101001100010
1101100110110101
1101100100001010
1101100001100001
1101011110111001
1101011100010011
1101011001101111
1101010111001101
1101010100101101
1101010010001111
1101001111110010
1101001101010111
1101001010111111
1101001000101000
1101000110010011
1101000100000001
1101000001110000
1100111111100010
1100111101010110
1100111011001011
1100111001000011
1100110110111101
1100110100111010
1100110010111000
1100110000111001
1100101110111100
1100101101000010
1100101011001001
1100101001010011
1100100111100000
1100100101101110
1100100011111111
1100100010010011
1100100000101001
1100011111000001
1100011101011100
1100011011111010
1100011010011010
1100011000111100
1100010111100001
1100010110001000
1100010100110011
1100010011011111
1100010010001110
1100010001000000
1100001111110101
1100001110101100
1100001101100101
1100001100100010
1100001011100001
1100001010100011
1100001001100111
1100001000101110
1100000111111000
1100000111000101
1100000110010100
1100000101100110
1100000100111011
1100000100010010
1100000011101101
1100000011001010
1100000010101010
1100000010001100
1100000001110010
1100000001011010
1100000001000101
1100000000110011
1100000000100011
1100000000010110
1100000000001101
1100000000000110
1100000000000001
1100000000000000
1100000000000001
1100000000000110
1100000000001101
1100000000010110
1100000000100011
1100000000110011
1100000001000101
1100000001011010
1100000001110010
1100000010001100
1100000010101010
1100000011001010
1100000011101101
1100000100010010
1100000100111011
1100000101100110
1100000110010100
1100000111000101
1100000111111000
1100001000101110
1100001001100111
1100001010100011
1100001011100001
1100001100100010
1100001101100101
1100001110101100
1100001111110101
1100010001000000
1100010010001110
1100010011011111
1100010100110011
1100010110001000
1100010111100001
1100011000111100
1100011010011010
1100011011111010
1100011101011100
1100011111000001
1100100000101001
1100100010010011
1100100011111111
1100100101101110
1100100111100000
1100101001010011
1100101011001001
1100101101000010
1100101110111100
1100110000111001
1100110010111000
1100110100111010
1100110110111101
1100111001000011
1100111011001011
1100111101010110
1100111111100010
1101000001110000
1101000100000001
1101000110010011
1101001000101000
1101001010111111
1101001101010111
1101001111110010
1101010010001111
1101010100101101
1101010111001101
1101011001101111
1101011100010011
1101011110111001
1101100001100001
1101100100001010
1101100110110101
1101101001100010
1101101100010000
1101101111000000
1101110001110010
1101110100100101
1101110111011001
1101111010001111
1101111101000111
1110000000000000
1110000010111010
1110000101110110
1110001000110011
1110001011110010
1110001110110010
1110010001110011
1110010100110101
1110010111111000
1110011010111101
1110011110000010
1110100001001001
1110100100010000
1110100111011001
1110101010100011
1110101101101110
1110110000111001
1110110100000101
1110110111010011
1110111010100001
1110111101110000
1111000000111111
1111000100001111
1111000111100000
1111001010110010
1111001110000100
1111010001010110
1111010100101001
1111010111111101
1111011011010001
1111011110100101
1111100001111010
1111100101001111
1111101000100101
1111101011111011
1111101111010000
1111110010100111
1111110101111101
1111111001010011
1111111100101010
0000000000000000
0000000011010110
0000000110101101
0000001010000011
0000001101011001
0000010000110000
0000010100000101
0000010111011011
0000011010110001
0000011110000110
0000100001011011
0000100100101111
0000101000000011
0000101011010111
0000101110101010
0000110001111100
0000110101001110
0000111000100000
0000111011110001
0000111111000001
0001000010010000
0001000101011111
0001001000101101
0001001011111011
0001001111000111
0001010010010010
0001010101011101
0001011000100111
0001011011110000
0001011110110111
0001100001111110
0001100101000011
0001101000001000
0001101011001011
0001101110001101
0001110001001110
0001110100001110
0001110111001101
0001111010001010
0001111101000110
0010000000000000
0010000010111001
0010000101110001
0010001000100111
0010001011011011
0010001110001110
0010010001000000
0010010011110000
0010010110011110
0010011001001011
0010011011110110
0010011110011111
0010100001000111
0010100011101101
0010100110010001
0010101000110011
0010101011010011
0010101101110001
0010110000001110
0010110010101001
0010110101000001
0010110111011000
0010111001101101
0010111011111111
0010111110010000
0011000000011110
0011000010101010
0011000100110101
0011000110111101
0011001001000011
0011001011000110
0011001101001000
0011001111000111
0011010001000100
0011010010111110
0011010100110111
0011010110101101
0011011000100000
0011011010010010
0011011100000001
0011011101101101
0011011111010111
0011100000111111
0011100010100100
0011100100000110
0011100101100110
0011100111000100
0011101000011111
0011101001111000
0011101011001101
0011101100100001
0011101101110010
0011101111000000
0011110000001011
0011110001010100
0011110010011011
0011110011011110
0011110100011111
0011110101011101
0011110110011001
0011110111010010
0011111000001000
0011111000111011
0011111001101100
0011111010011010
0011111011000101
0011111011101110
0011111100010011
0011111100110110
0011111101010110
0011111101110100
0011111110001110
0011111110100110
0011111110111011
0011111111001101
0011111111011101
0011111111101010
0011111111110011
0011111111111010
0011111111111111
0100000000000000
0011111111111111
0011111111111010
0011111111110011
0011111111101010
0011111111011101
0011111111001101
0011111110111011
0011111110100110
0011111110001110
0011111101110100
0011111101010110
0011111100110110
0011111100010011
0011111011101110
0011111011000101
0011111010011010
0011111001101100
0011111000111011
0011111000001000
0011110111010010
0011110110011001
0011110101011101
0011110100011111
0011110011011110
0011110010011011
0011110001010100
0011110000001011
0011101111000000
0011101101110010
0011101100100001
0011101011001101
0011101001111000
0011101000011111
0011100111000100
0011100101100110
0011100100000110
0011100010100100
0011100000111111
0011011111010111
0011011101101101
0011011100000001
0011011010010010
0011011000100000
0011010110101101
0011010100110111
0011010010111110
0011010001000100
0011001111000111
0011001101001000
0011001011000110
0011001001000011
0011000110111101
0011000100110101
0011000010101010
0011000000011110
0010111110010000
0010111011111111
0010111001101101
0010110111011000
0010110101000001
0010110010101001
0010110000001110
0010101101110001
0010101011010011
0010101000110011
0010100110010001
0010100011101101
0010100001000111
0010011110011111
0010011011110110
0010011001001011
0010010110011110
0010010011110000
0010010001000000
0010001110001110
0010001011011011
0010001000100111
0010000101110001
0010000010111001
0010000000000000
0001111101000110
0001111010001010
0001110111001101
0001110100001110
0001110001001110
0001101110001101
0001101011001011
0001101000001000
0001100101000011
0001100001111110
0001011110110111
0001011011110000
0001011000100111
0001010101011101
0001010010010010
0001001111000111
0001001011111011
0001001000101101
0001000101011111
0001000010010000
0000111111000001
0000111011110001
0000111000100000
0000110101001110
0000110001111100
0000101110101010
0000101011010111
0000101000000011
0000100100101111
0000100001011011
0000011110000110
0000011010110001
0000010111011011
0000010100000101
0000010000110000
0000001101011001
0000001010000011
0000000110101101
0000000011010110
0000000000000000
1111111100101010
1111111001010011
1111110101111101
1111110010100111
1111101111010000
1111101011111011
1111101000100101
1111100101001111
1111100001111010
1111011110100101
1111011011010001
1111010111111101
1111010100101001
1111010001010110
1111001110000100
1111001010110010
1111000111100000
1111000100001111
1111000000111111
1110111101110000
1110111010100001
1110110111010011
1110110100000101
1110110000111001
1110101101101110
1110101010100011
1110100111011001
1110100100010000
1110100001001001
1110011110000010
1110011010111101
1110010111111000
1110010100110101
1110010001110011
1110001110110010
1110001011110010
1110001000110011
1110000101110110
1110000010111010
1110000000000000
1101111101000111
1101111010001111
1101110111011001
1101110100100101
1101110001110010
1101101111000000
1101101100010000
1101101001100010
1101100110110101
1101100100001010
1101100001100001
1101011110111001
1101011100010011
1101011001101111
1101010111001101
1101010100101101
1101010010001111
1101001111110010
1101001101010111
1101001010111111
1101001000101000
1101000110010011
1101000100000001
1101000001110000
1100111111100010
1100111101010110
1100111011001011
1100111001000011
1100110110111101
1100110100111010
1100110010111000
1100110000111001
1100101110111100
1100101101000010
1100101011001001
1100101001010011
1100100111100000
1100100101101110
1100100011111111
1100100010010011
1100100000101001
1100011111000001
1100011101011100
1100011011111010
1100011010011010
1100011000111100
1100010111100001
1100010110001000
1100010100110011
1100010011011111
1100010010001110
1100010001000000
1100001111110101
1100001110101100
1100001101100101
1100001100100010
1100001011100001
1100001010100011
1100001001100111
1100001000101110
1100000111111000
1100000111000101
1100000110010100
1100000101100110
1100000100111011
1100000100010010
1100000011101101
1100000011001010
1100000010101010
1100000010001100
1100000001110010
1100000001011010
1100000001000101
1100000000110011
1100000000100011
1100000000010110
1100000000001101
1100000000000110
1100000000000001
1100000000000000
1100000000000001
1100000000000110
1100000000001101
1100000000010110
1100000000100011
1100000000110011
1100000001000101
1100000001011010
1100000001110010
1100000010001100
1100000010101010
1100000011001010
1100000011101101
1100000100010010
1100000100111011
1100000101100110
1100000110010100
1100000111000101
1100000111111000
1100001000101110
1100001001100111
1100001010100011
1100001011100001
1100001100100010
1100001101100101
1100001110101100
1100001111110101
1100010001000000
1100010010001110
1100010011011111
1100010100110011
1100010110001000
1100010111100001
1100011000111100
1100011010011010
1100011011111010
1100011101011100
1100011111000001
1100100000101001
1100100010010011
1100100011111111
1100100101101110
1100100111100000
1100101001010011
1100101011001001
1100101101000010
1100101110111100
1100110000111001
1100110010111000
1100110100111010
1100110110111101
1100111001000011
1100111011001011
1100111101010110
1100111111100010
1101000001110000
1101000100000001
1101000110010011
1101001000101000
1101001010111111
1101001101010111
1101001111110010
1101010010001111
1101010100101101
1101010111001101
1101011001101111
1101011100010011
1101011110111001
1101100001100001
1101100100001010
1101100110110101
1101101001100010
1101101100010000
1101101111000000
1101110001110010
1101110100100101
1101110111011001
1101111010001111
1101111101000111
1110000000000000
1110000010111010
1110000101110110
1110001000110011
1110001011110010
1110001110110010
1110010001110011
1110010100110101
1110010111111000
1110011010111101
1110011110000010
1110100001001001
1110100100010000
1110100111011001
1110101010100011
1110101101101110
1110110000111001
1110110100000101
1110110111010011
1110111010100001
1110111101110000
1111000000111111
1111000100001111
1111000111100000
1111001010110010
1111001110000100
1111010001010110
1111010100101001
1111010111111101
1111011011010001
1111011110100101
1111100001111010
1111100101001111
1111101000100101
1111101011111011
1111101111010000
1111110010100111
1111110101111101
1111111001010011
1111111100101010
0000000000000000
